1 4770343.93547988 4053562.46239951
2 4769864.31878438 4053507.99074109
3 4779248.04169726 4070483.70029944
4 4788256.75109283 4055791.40458088
5 4782644.88132124 4045789.96859398
6 4787627.8033738 4042227.36996386
7 4784279.85895692 4032014.0397533
8 4776090.67362523 4039202.06117632
9 4788627.88869612 4040148.88996197
10 4769041.17417586 4057390.7504617
11 4788910.46666966 4035570.72559521
12 4788631.33099584 4035775.92771319
13 4780337.03471336 4065770.95849933
14 4780140.06757502 4055886.84316042
15 4770653.49645024 4054055.02529358
16 4784788.09713723 4031103.53387623
17 4771635.65750844 4051485.06630856
18 4769899.744079 4058842.87900533
19 4793551.2822899 4043786.2773261
20 4776243.34027602 4058907.82636284
21 4790833.54021779 4051099.03106185
22 4792190.2026922 4043192.78758779
23 4772490.22712814 4043870.73114243
24 4789540.38110062 4050702.18084515
25 4772377.32169288 4057764.02531863
26 4776333.87243479 4041148.51990843
27 4789455.63420512 4036938.55497484
28 4783633.37782987 4028741.70519188
29 4776458.66717304 4055399.06940505
30 4768780.86477902 4065160.90410945
31 4776700.56833215 4056166.64592974
32 4786969.05539563 4049757.51011591
33 4774221.79471023 4055555.66981236
34 4777257.66377137 4067097.29652695
35 4774065.92662598 4040598.16314916
36 4790780.57189952 4053462.12192401
37 4778564.02600115 4066683.90047881
38 4765222.92761378 4059459.82847696
39 4786726.96523357 4053576.87579665
40 4791485.02791581 4054904.63758754
41 4791834.45012318 4041108.62240521
42 4777621.76670173 4067492.3685704
43 4777861.29375396 4061374.12940256
44 4786151.04011148 4057073.19947539
45 4769154.58444155 4052735.87539372
46 4774497.97176804 4058850.35545421
47 4786443.4132056 4035173.93365791
48 4782797.47630018 4043359.74925417
49 4786944.8244898 4033036.53185272
50 4776588.50772596 4055302.24628904
51 4790179.57648764 4039762.84532111
52 4774627.44869842 4038507.04039937
53 4769744.25975607 4056041.69203422
54 4782692.98379491 4055732.04480354
55 4787503.82487434 4035512.96818349
56 4792093.40503216 4050111.0919916
57 4782610.21476694 4056808.50239849
58 4794844.51372068 4043219.10730213
59 4793872.47764237 4043168.41995476
60 4776195.94381273 4066622.80340363
61 4765700.20419248 4056979.791328
62 4789156.26050427 4036034.33911715
63 4780804.69990575 4063369.52622341
64 4778284.50043484 4055690.33603521
65 4777454.37814927 4066911.74060164
66 4776072.6209787 4038390.91629991
67 4785671.19286063 4044864.81423221
68 4770626.05408741 4064052.57827895
69 4787871.46355312 4043577.31650271
70 4779102.99376399 4059427.84094981
71 4775275.28591576 4057469.21657631
72 4775235.79967648 4057729.37252387
